features.0.0.weight
tensor([[[[  -9,   14,  -25],
          [ -41,  127,   91],
          [ -60,   95,  104]],

         [[ -40,  -25,  -73],
          [ -46,  125,   74],
          [ -40,   87,   88]],

         [[ -12,   14,  -29],
          [ -39,  109,   43],
          [ -42,   43,   24]]],


        [[[ -56,  -60,  -28],
          [-111, -128,  -93],
          [ -94, -114,  -92]],

         [[  39,   47,   53],
          [   8,   16,   19],
          [   5,    4,    2]],

         [[  80,   86,   75],
          [  79,   89,   66],
          [  78,   81,   57]]],


        [[[  -3,   -4,   -2],
          [ -19,   16,  -42],
          [ -18,   -1,  -21]],

         [[ -11,   15,    3],
          [  10,   84,   -6],
          [ -13,   27,  -36]],

         [[  -6,   33,   -7],
          [  52,  127,   13],
          [   8,   64,  -10]]],


        [[[  27,  -24,    7],
          [ 127,   80,   -9],
          [ 124,  103,   -8]],

         [[ -11,    1,  -25],
          [  94,   60,  -10],
          [  20,   21,  -74]],

         [[ -41,   12,   22],
          [ -44,   34,   65],
          [ -67,   52,   31]]],


        [[[   7,  -16,   -6],
          [  79,   65,  -56],
          [ -41,   34,   -4]],

         [[  11,  -49,  -69],
          [  93,   61, -111],
          [ -40,   55,  -18]],

         [[  43,  -29,  -63],
          [ 127,   86, -108],
          [ -11,   74,  -14]]],


        [[[  55,   74,   42],
          [  90,   93,   28],
          [  63,   34,  -39]],

         [[  17,    0,  -34],
          [  39,  -12,  -58],
          [  19,  -42,  -85]],

         [[ -48,  -35,  -82],
          [ -20,  -45,  -99],
          [ -51,  -90, -127]]],


        [[[  69,  -14,  -51],
          [  42,   23,  -14],
          [  30,   45,   27]],

         [[  21,  -75, -124],
          [  58,   46,  -12],
          [  94,  127,   67]],

         [[   0,  -50,  -67],
          [  20,   29,   -8],
          [  40,   77,   34]]],


        [[[  11,   -4,    5],
          [ -74,   77,  -22],
          [  -9,   -1,   -3]],

         [[  -6,   34,   -1],
          [ -87,  127,  -35],
          [  24,  -12,    6]],

         [[   9,   -8,   -7],
          [ -55,   61,  -43],
          [  13,   -1,  -10]]],


        [[[  -3,  -30,  -26],
          [ -14,  -26,  -17],
          [ -12,  -26,   -5]],

         [[ -14,   25,   -2],
          [  23,  127,   68],
          [   4,  103,   53]],

         [[  23,   -4,   32],
          [  -7,  -91,  -62],
          [   4,  -85,  -58]]],


        [[[  23,  -33,   23],
          [ -24,  -16,   59],
          [ -13,    1,   43]],

         [[ -49, -126,  -37],
          [ -98, -127,    0],
          [ -68,  -88,    5]],

         [[  28,  -15,   44],
          [  12,    8,  101],
          [  40,   36,  104]]],


        [[[ -46,  -31,  -57],
          [  19,  127,   44],
          [   5,  110,   26]],

         [[  23,   -3,   32],
          [ -45, -101,  -27],
          [ -35,  -85,  -22]],

         [[  16,   36,   15],
          [  23,  -10,  -13],
          [  31,  -10,  -12]]],


        [[[  45,   10,  -27],
          [  80,    7,  -76],
          [  12,  -20,  -37]],

         [[  63,   -9,  -74],
          [ 117,    8, -113],
          [  53,    0,  -40]],

         [[  61,  -18,  -77],
          [ 127,    2, -120],
          [  60,   -7,  -51]]],


        [[[  31,   74,   42],
          [  26,  -38,  -47],
          [   6, -127,  -67]],

         [[   0,   33,    9],
          [   4,   21,    5],
          [   4,  -24,   -2]],

         [[ -56,  -37,  -45],
          [ -40,   57,   36],
          [   8,   80,   38]]],


        [[[  50,   98,   60],
          [  52,  127,   66],
          [  -7,   28,   -2]],

         [[  11,   62,   42],
          [   4,   92,   59],
          [ -54,    5,    1]],

         [[  18,   67,   19],
          [  18,  101,   39],
          [ -54,   -1,  -26]]],


        [[[  41,   39,   14],
          [  45, -108,   15],
          [  54,  -15,   39]],

         [[  -1,  -53,  -22],
          [  -2, -128,   44],
          [ -10, -125,   48]],

         [[   0,  -26,   20],
          [  21,  -61,   93],
          [   2,   17,   85]]],


        [[[  14,   44,    1],
          [ -18, -107,  -17],
          [  19,   54,   27]],

         [[  17,   35,    7],
          [ -30, -128,  -25],
          [  10,   59,   12]],

         [[   2,   32,   15],
          [  -7,  -40,   -7],
          [   2,    9,   -9]]],


        [[[   8,   35,   64],
          [  26,  -18,  -50],
          [  31,  -24,  -53]],

         [[ -10,  -19,  -16],
          [  -7,  -69, -128],
          [   6,  -55, -104]],

         [[   2,   16,   27],
          [  11,  -16,  -63],
          [  26,   -3,  -62]]],


        [[[  23,  -36,   26],
          [ -18, -127,  -37],
          [  35,  -35,   36]],

         [[  31,  -27,   32],
          [ -20, -116,  -36],
          [  24,  -31,   25]],

         [[  17,  -25,   22],
          [ -26,  -95,  -31],
          [  17,  -19,   23]]],


        [[[   5,  -13, -127],
          [  36,   81,    2],
          [ 105,   -5,    8]],

         [[ -18,  -18, -127],
          [   2,   50,  -10],
          [  87,  -33,   -6]],

         [[   7,   31,  -52],
          [  -9,   47,    0],
          [  31,  -16,   11]]],


        [[[ -17, -113,  -18],
          [  73, -107,  -82],
          [ 127,   45,   19]],

         [[  13, -122,  -44],
          [  95, -104,  -95],
          [ 117,   53,   11]],

         [[  33,  -80,   -2],
          [ 103,  -58,  -65],
          [ 109,   65,   19]]],


        [[[ -57,   -4,   31],
          [ -80,    6,   61],
          [ -42,   12,   22]],

         [[  33,  -11,  -23],
          [  72,    3,  -53],
          [  18,    7,  -21]],

         [[  45,  -27,  -18],
          [ 127,  -13,  -89],
          [  64,   -9,  -53]]],


        [[[  -9,   -4,   32],
          [-114,   -3,  127],
          [ -76,   -4,   76]],

         [[  41,  -14,  -46],
          [  59,   -6,  -55],
          [  35,    4,  -33]],

         [[ -17,    7,    7],
          [  57,   27,  -70],
          [  33,   22,  -52]]],


        [[[  49,  127,   31],
          [ -38,  -12,  -29],
          [   7,  -60,    2]],

         [[  50,  116,   40],
          [ -73,  -69,  -56],
          [  -6,  -81,   -9]],

         [[  33,  110,   38],
          [ -56,  -18,  -18],
          [  -6,  -52,    2]]],


        [[[ -76, -127,  -56],
          [ -16,  -32,   -2],
          [  86,  118,   78]],

         [[ -76, -108,  -41],
          [ -17,  -14,    7],
          [  65,   99,   56]],

         [[ -39,  -73,  -15],
          [ -10,  -12,   12],
          [  51,   81,   56]]],


        [[[  66,   57,   37],
          [  89,  -78,  -46],
          [ -10,  -91,   24]],

         [[ 119,   24,  -23],
          [ 109, -128,  -85],
          [  20,  -75,   63]],

         [[  67,   -1,    0],
          [ 103, -103,  -66],
          [  13, -100,   23]]],


        [[[ -74,  -16,  -30],
          [ -97,  -13,   27],
          [-114,  -60,  -52]],

         [[ -83,  -13,    5],
          [-101,    8,   82],
          [-105,  -42,  -21]],

         [[ -69,    2,   26],
          [ -72,   44,  127],
          [ -70,   -6,   36]]],


        [[[-128,   17,    5],
          [ -77,   81,   48],
          [ -62,   -3,  -21]],

         [[ -98,   59,   49],
          [ -67,   78,   41],
          [ -69,  -32,  -55]],

         [[-124,   19,   10],
          [-126,   -7,  -44],
          [-126,  -90, -117]]],


        [[[  49,  -59,  -12],
          [ -53,   85,    3],
          [  17,  -18,    1]],

         [[  32,  -38,    2],
          [ -70,  127,   31],
          [  25,  -51,  -27]],

         [[   5,  -23,  -12],
          [ -52,   58,  -11],
          [  -3,  -22,   -8]]],


        [[[  50,   54,   71],
          [   0,  -26,    6],
          [ -33,  -95,  -48]],

         [[ -29,  -69,  -33],
          [ -20,    8,    8],
          [  17,   59,   50]],

         [[ -49, -113,  -56],
          [ -14,   25,   -2],
          [  55,  127,   59]]],


        [[[  -1,    1,  -25],
          [ 108,   54, -127],
          [  76,   56,  -91]],

         [[   5,  -10,    8],
          [   4,    1,  -17],
          [  11,   -4,  -26]],

         [[  19,   -3,   18],
          [ -87,   -6,   94],
          [ -74,  -11,   61]]],


        [[[  72,   19,   42],
          [  -1,  -49,   49],
          [  27,  -14,   33]],

         [[  11,  -46,   23],
          [ -75, -127,   18],
          [  -4,  -48,   36]],

         [[  -6,  -40,   11],
          [ -81, -127,  -18],
          [ -42,  -83,   -6]]],


        [[[  31,   66,   25],
          [  64,  127,   78],
          [  -3,   59,   19]],

         [[ -14,  -25,  -29],
          [ -13,  -24,  -24],
          [ -18,    5,  -17]],

         [[ -25,  -54,  -10],
          [ -49, -103,  -39],
          [  -7,  -19,   -7]]]], dtype=torch.int8)