features.0.0.weight
tensor([[[[-2.6422e-03,  4.1101e-03, -7.3395e-03],
          [-1.2037e-02,  3.7285e-02,  2.6716e-02],
          [-1.7615e-02,  2.7890e-02,  3.0532e-02]],

         [[-1.1743e-02, -7.3395e-03, -2.1431e-02],
          [-1.3505e-02,  3.6698e-02,  2.1725e-02],
          [-1.1743e-02,  2.5542e-02,  2.5835e-02]],

         [[-3.5230e-03,  4.1101e-03, -8.5138e-03],
          [-1.1450e-02,  3.2000e-02,  1.2624e-02],
          [-1.2330e-02,  1.2624e-02,  7.0459e-03]]],


        [[[-2.5554e-03, -2.7379e-03, -1.2777e-03],
          [-5.0652e-03, -5.8409e-03, -4.2438e-03],
          [-4.2894e-03, -5.2021e-03, -4.1982e-03]],

         [[ 1.7797e-03,  2.1447e-03,  2.4185e-03],
          [ 3.6506e-04,  7.3011e-04,  8.6701e-04],
          [ 2.2816e-04,  1.8253e-04,  9.1264e-05]],

         [[ 3.6506e-03,  3.9244e-03,  3.4224e-03],
          [ 3.6049e-03,  4.0613e-03,  3.0117e-03],
          [ 3.5593e-03,  3.6962e-03,  2.6010e-03]]],


        [[[-3.5626e-06, -4.7502e-06, -2.3751e-06],
          [-2.2563e-05,  1.9001e-05, -4.9877e-05],
          [-2.1376e-05, -1.1875e-06, -2.4938e-05]],

         [[-1.3063e-05,  1.7813e-05,  3.5626e-06],
          [ 1.1875e-05,  9.9753e-05, -7.1252e-06],
          [-1.5438e-05,  3.2064e-05, -4.2751e-05]],

         [[-7.1252e-06,  3.9189e-05, -8.3128e-06],
          [ 6.1752e-05,  1.5082e-04,  1.5438e-05],
          [ 9.5003e-06,  7.6002e-05, -1.1875e-05]]],


        [[[ 4.4721e-06, -3.9752e-06,  1.1594e-06],
          [ 2.1035e-05,  1.3251e-05, -1.4907e-06],
          [ 2.0538e-05,  1.7060e-05, -1.3251e-06]],

         [[-1.8220e-06,  1.6563e-07, -4.1408e-06],
          [ 1.5569e-05,  9.9380e-06, -1.6563e-06],
          [ 3.3127e-06,  3.4783e-06, -1.2257e-05]],

         [[-6.7909e-06,  1.9876e-06,  3.6439e-06],
          [-7.2878e-06,  5.6315e-06,  1.0766e-05],
          [-1.1097e-05,  8.6129e-06,  5.1346e-06]]],


        [[[ 2.7699e-03, -6.3311e-03, -2.3742e-03],
          [ 3.1260e-02,  2.5720e-02, -2.2159e-02],
          [-1.6223e-02,  1.3454e-02, -1.5828e-03]],

         [[ 4.3526e-03, -1.9389e-02, -2.7303e-02],
          [ 3.6800e-02,  2.4137e-02, -4.3922e-02],
          [-1.5828e-02,  2.1763e-02, -7.1225e-03]],

         [[ 1.7015e-02, -1.1475e-02, -2.4929e-02],
          [ 5.0253e-02,  3.4030e-02, -4.2735e-02],
          [-4.3526e-03,  2.9281e-02, -5.5397e-03]]],


        [[[ 1.0206e-02,  1.3732e-02,  7.7936e-03],
          [ 1.6701e-02,  1.7257e-02,  5.1957e-03],
          [ 1.1690e-02,  6.3091e-03, -7.2369e-03]],

         [[ 3.1546e-03,  0.0000e+00, -6.3091e-03],
          [ 7.2369e-03, -2.2267e-03, -1.0763e-02],
          [ 3.5257e-03, -7.7936e-03, -1.5773e-02]],

         [[-8.9070e-03, -6.4947e-03, -1.5216e-02],
          [-3.7112e-03, -8.3503e-03, -1.8371e-02],
          [-9.4637e-03, -1.6701e-02, -2.3566e-02]]],


        [[[ 1.0992e-04, -2.2302e-05, -8.1242e-05],
          [ 6.6905e-05,  3.6638e-05, -2.2302e-05],
          [ 4.7789e-05,  7.1684e-05,  4.3010e-05]],

         [[ 3.3452e-05, -1.1947e-04, -1.9753e-04],
          [ 9.2393e-05,  7.3277e-05, -1.9116e-05],
          [ 1.4974e-04,  2.0231e-04,  1.0673e-04]],

         [[ 0.0000e+00, -7.9649e-05, -1.0673e-04],
          [ 3.1860e-05,  4.6196e-05, -1.2744e-05],
          [ 6.3719e-05,  1.2266e-04,  5.4161e-05]]],


        [[[ 9.2728e-03, -3.3719e-03,  4.2149e-03],
          [-6.2381e-02,  6.4910e-02, -1.8546e-02],
          [-7.5869e-03, -8.4298e-04, -2.5290e-03]],

         [[-5.0579e-03,  2.8661e-02, -8.4298e-04],
          [-7.3340e-02,  1.0706e-01, -2.9504e-02],
          [ 2.0232e-02, -1.0116e-02,  5.0579e-03]],

         [[ 7.5869e-03, -6.7439e-03, -5.9009e-03],
          [-4.6364e-02,  5.1422e-02, -3.6248e-02],
          [ 1.0959e-02, -8.4298e-04, -8.4298e-03]]],


        [[[-4.6020e-03, -4.6020e-02, -3.9884e-02],
          [-2.1476e-02, -3.9884e-02, -2.6078e-02],
          [-1.8408e-02, -3.9884e-02, -7.6699e-03]],

         [[-2.1476e-02,  3.8350e-02, -3.0680e-03],
          [ 3.5282e-02,  1.9482e-01,  1.0431e-01],
          [ 6.1360e-03,  1.5800e-01,  8.1301e-02]],

         [[ 3.5282e-02, -6.1360e-03,  4.9088e-02],
          [-1.0738e-02, -1.3959e-01, -9.5107e-02],
          [ 6.1360e-03, -1.3039e-01, -8.8971e-02]]],


        [[[ 5.6551e-03, -8.1139e-03,  5.6551e-03],
          [-5.9010e-03, -3.9340e-03,  1.4507e-02],
          [-3.1964e-03,  2.4588e-04,  1.0573e-02]],

         [[-1.2048e-02, -3.0980e-02, -9.0974e-03],
          [-2.4096e-02, -3.1226e-02,  0.0000e+00],
          [-1.6720e-02, -2.1637e-02,  1.2294e-03]],

         [[ 6.8845e-03, -3.6881e-03,  1.0819e-02],
          [ 2.9505e-03,  1.9670e-03,  2.4833e-02],
          [ 9.8350e-03,  8.8515e-03,  2.5571e-02]]],


        [[[-5.6948e-02, -3.8378e-02, -7.0565e-02],
          [ 2.3522e-02,  1.5722e-01,  5.4472e-02],
          [ 6.1900e-03,  1.3618e-01,  3.2188e-02]],

         [[ 2.8474e-02, -3.7140e-03,  3.9616e-02],
          [-5.5710e-02, -1.2504e-01, -3.3426e-02],
          [-4.3330e-02, -1.0523e-01, -2.7236e-02]],

         [[ 1.9808e-02,  4.4568e-02,  1.8570e-02],
          [ 2.8474e-02, -1.2380e-02, -1.6094e-02],
          [ 3.8378e-02, -1.2380e-02, -1.4856e-02]]],


        [[[ 2.5752e-02,  5.7226e-03, -1.5451e-02],
          [ 4.5781e-02,  4.0058e-03, -4.3492e-02],
          [ 6.8671e-03, -1.1445e-02, -2.1174e-02]],

         [[ 3.6052e-02, -5.1503e-03, -4.2347e-02],
          [ 6.6954e-02,  4.5781e-03, -6.4665e-02],
          [ 3.0330e-02,  0.0000e+00, -2.2890e-02]],

         [[ 3.4908e-02, -1.0301e-02, -4.4064e-02],
          [ 7.2677e-02,  1.1445e-03, -6.8671e-02],
          [ 3.4336e-02, -4.0058e-03, -2.9185e-02]]],


        [[[ 2.2543e-02,  5.3812e-02,  3.0542e-02],
          [ 1.8907e-02, -2.7633e-02, -3.4178e-02],
          [ 4.3631e-03, -9.2353e-02, -4.8721e-02]],

         [[ 0.0000e+00,  2.3997e-02,  6.5447e-03],
          [ 2.9087e-03,  1.5271e-02,  3.6359e-03],
          [ 2.9087e-03, -1.7452e-02, -1.4544e-03]],

         [[-4.0722e-02, -2.6906e-02, -3.2723e-02],
          [-2.9087e-02,  4.1450e-02,  2.6179e-02],
          [ 5.8175e-03,  5.8175e-02,  2.7633e-02]]],


        [[[ 1.4650e-02,  2.8715e-02,  1.7581e-02],
          [ 1.5236e-02,  3.7212e-02,  1.9339e-02],
          [-2.0511e-03,  8.2042e-03, -5.8602e-04]],

         [[ 3.2231e-03,  1.8167e-02,  1.2306e-02],
          [ 1.1720e-03,  2.6957e-02,  1.7288e-02],
          [-1.5822e-02,  1.4650e-03,  2.9301e-04]],

         [[ 5.2742e-03,  1.9632e-02,  5.5672e-03],
          [ 5.2742e-03,  2.9594e-02,  1.1427e-02],
          [-1.5822e-02, -2.9301e-04, -7.6182e-03]]],


        [[[ 1.5699e-05,  1.4933e-05,  5.3607e-06],
          [ 1.7231e-05, -4.1354e-05,  5.7436e-06],
          [ 2.0677e-05, -5.7436e-06,  1.4933e-05]],

         [[-3.8290e-07, -2.0294e-05, -8.4239e-06],
          [-7.6581e-07, -4.9012e-05,  1.6848e-05],
          [-3.8290e-06, -4.7863e-05,  1.8379e-05]],

         [[ 0.0000e+00, -9.9555e-06,  7.6581e-06],
          [ 8.0410e-06, -2.3357e-05,  3.5610e-05],
          [ 7.6581e-07,  6.5094e-06,  3.2547e-05]]],


        [[[ 8.9336e-03,  2.8077e-02,  6.3811e-04],
          [-1.1486e-02, -6.8278e-02, -1.0848e-02],
          [ 1.2124e-02,  3.4458e-02,  1.7229e-02]],

         [[ 1.0848e-02,  2.2334e-02,  4.4668e-03],
          [-1.9143e-02, -8.1679e-02, -1.5953e-02],
          [ 6.3811e-03,  3.7649e-02,  7.6574e-03]],

         [[ 1.2762e-03,  2.0420e-02,  9.5717e-03],
          [-4.4668e-03, -2.5525e-02, -4.4668e-03],
          [ 1.2762e-03,  5.7430e-03, -5.7430e-03]]],


        [[[ 3.2098e-04,  1.4043e-03,  2.5678e-03],
          [ 1.0432e-03, -7.2220e-04, -2.0061e-03],
          [ 1.2438e-03, -9.6293e-04, -2.1265e-03]],

         [[-4.0122e-04, -7.6232e-04, -6.4196e-04],
          [-2.8086e-04, -2.7684e-03, -5.1357e-03],
          [ 2.4073e-04, -2.2067e-03, -4.1727e-03]],

         [[ 8.0245e-05,  6.4196e-04,  1.0833e-03],
          [ 4.4135e-04, -6.4196e-04, -2.5277e-03],
          [ 1.0432e-03, -1.2037e-04, -2.4876e-03]]],


        [[[ 1.6017e-02, -2.5070e-02,  1.8106e-02],
          [-1.2535e-02, -8.8441e-02, -2.5766e-02],
          [ 2.4374e-02, -2.4374e-02,  2.5070e-02]],

         [[ 2.1588e-02, -1.8802e-02,  2.2284e-02],
          [-1.3928e-02, -8.0781e-02, -2.5070e-02],
          [ 1.6713e-02, -2.1588e-02,  1.7410e-02]],

         [[ 1.1839e-02, -1.7410e-02,  1.5321e-02],
          [-1.8106e-02, -6.6157e-02, -2.1588e-02],
          [ 1.1839e-02, -1.3231e-02,  1.6017e-02]]],


        [[[ 1.5382e-03, -3.9993e-03, -3.9070e-02],
          [ 1.1075e-02,  2.4919e-02,  6.1528e-04],
          [ 3.2302e-02, -1.5382e-03,  2.4611e-03]],

         [[-5.5375e-03, -5.5375e-03, -3.9070e-02],
          [ 6.1528e-04,  1.5382e-02, -3.0764e-03],
          [ 2.6765e-02, -1.0152e-02, -1.8458e-03]],

         [[ 2.1535e-03,  9.5368e-03, -1.5997e-02],
          [-2.7688e-03,  1.4459e-02,  0.0000e+00],
          [ 9.5368e-03, -4.9222e-03,  3.3840e-03]]],


        [[[-5.5493e-03, -3.6887e-02, -5.8758e-03],
          [ 2.3830e-02, -3.4928e-02, -2.6767e-02],
          [ 4.1457e-02,  1.4689e-02,  6.2022e-03]],

         [[ 4.2436e-03, -3.9825e-02, -1.4363e-02],
          [ 3.1011e-02, -3.3949e-02, -3.1011e-02],
          [ 3.8193e-02,  1.7301e-02,  3.5908e-03]],

         [[ 1.0772e-02, -2.6115e-02, -6.5286e-04],
          [ 3.3623e-02, -1.8933e-02, -2.1218e-02],
          [ 3.5581e-02,  2.1218e-02,  6.2022e-03]]],


        [[[-3.4452e-02, -2.4177e-03,  1.8737e-02],
          [-4.8354e-02,  3.6265e-03,  3.6870e-02],
          [-2.5386e-02,  7.2531e-03,  1.3297e-02]],

         [[ 1.9946e-02, -6.6486e-03, -1.3902e-02],
          [ 4.3518e-02,  1.8133e-03, -3.2034e-02],
          [ 1.0880e-02,  4.2310e-03, -1.2693e-02]],

         [[ 2.7199e-02, -1.6319e-02, -1.0880e-02],
          [ 7.6762e-02, -7.8575e-03, -5.3794e-02],
          [ 3.8683e-02, -5.4398e-03, -3.2034e-02]]],


        [[[-7.3975e-03, -3.2878e-03,  2.6302e-02],
          [-9.3701e-02, -2.4658e-03,  1.0439e-01],
          [-6.2468e-02, -3.2878e-03,  6.2468e-02]],

         [[ 3.3700e-02, -1.1507e-02, -3.7809e-02],
          [ 4.8495e-02, -4.9317e-03, -4.5207e-02],
          [ 2.8768e-02,  3.2878e-03, -2.7124e-02]],

         [[-1.3973e-02,  5.7536e-03,  5.7536e-03],
          [ 4.6851e-02,  2.2192e-02, -5.7536e-02],
          [ 2.7124e-02,  1.8083e-02, -4.2741e-02]]],


        [[[ 2.5255e-02,  6.5457e-02,  1.5978e-02],
          [-1.9586e-02, -6.1849e-03, -1.4947e-02],
          [ 3.6079e-03, -3.0925e-02,  1.0308e-03]],

         [[ 2.5770e-02,  5.9787e-02,  2.0616e-02],
          [-3.7625e-02, -3.5563e-02, -2.8863e-02],
          [-3.0925e-03, -4.1748e-02, -4.6387e-03]],

         [[ 1.7008e-02,  5.6695e-02,  1.9586e-02],
          [-2.8863e-02, -9.2774e-03, -9.2774e-03],
          [-3.0925e-03, -2.6801e-02,  1.0308e-03]]],


        [[[-3.5324e-02, -5.9028e-02, -2.6028e-02],
          [-7.4366e-03, -1.4873e-02, -9.2957e-04],
          [ 3.9972e-02,  5.4845e-02,  3.6253e-02]],

         [[-3.5324e-02, -5.0197e-02, -1.9056e-02],
          [-7.9013e-03, -6.5070e-03,  3.2535e-03],
          [ 3.0211e-02,  4.6014e-02,  2.6028e-02]],

         [[-1.8127e-02, -3.3929e-02, -6.9718e-03],
          [-4.6479e-03, -5.5774e-03,  5.5774e-03],
          [ 2.3704e-02,  3.7648e-02,  2.6028e-02]]],


        [[[ 2.8682e-02,  2.4771e-02,  1.6079e-02],
          [ 3.8678e-02, -3.3897e-02, -1.9991e-02],
          [-4.3458e-03, -3.9547e-02,  1.0430e-02]],

         [[ 5.1715e-02,  1.0430e-02, -9.9953e-03],
          [ 4.7369e-02, -5.5626e-02, -3.6939e-02],
          [ 8.6916e-03, -3.2593e-02,  2.7379e-02]],

         [[ 2.9117e-02, -4.3458e-04,  0.0000e+00],
          [ 4.4762e-02, -4.4762e-02, -2.8682e-02],
          [ 5.6495e-03, -4.3458e-02,  9.9953e-03]]],


        [[[-2.3903e-03, -5.1682e-04, -9.6903e-04],
          [-3.1332e-03, -4.1991e-04,  8.7213e-04],
          [-3.6823e-03, -1.9381e-03, -1.6797e-03]],

         [[-2.6810e-03, -4.1991e-04,  1.6151e-04],
          [-3.2624e-03,  2.5841e-04,  2.6487e-03],
          [-3.3916e-03, -1.3566e-03, -6.7832e-04]],

         [[-2.2288e-03,  6.4602e-05,  8.3983e-04],
          [-2.3257e-03,  1.4212e-03,  4.1022e-03],
          [-2.2611e-03, -1.9381e-04,  1.1628e-03]]],


        [[[-5.7924e-04,  7.6930e-05,  2.2627e-05],
          [-3.4845e-04,  3.6655e-04,  2.1721e-04],
          [-2.8057e-04, -1.3576e-05, -9.5031e-05]],

         [[-4.4348e-04,  2.6699e-04,  2.2174e-04],
          [-3.0320e-04,  3.5297e-04,  1.8554e-04],
          [-3.1225e-04, -1.4481e-04, -2.4889e-04]],

         [[-5.6114e-04,  8.5981e-05,  4.5253e-05],
          [-5.7019e-04, -3.1677e-05, -1.9911e-04],
          [-5.7019e-04, -4.0728e-04, -5.2946e-04]]],


        [[[ 3.6697e-02, -4.4186e-02, -8.9870e-03],
          [-3.9693e-02,  6.3658e-02,  2.2467e-03],
          [ 1.2732e-02, -1.3480e-02,  7.4892e-04]],

         [[ 2.3965e-02, -2.8459e-02,  1.4978e-03],
          [-5.2424e-02,  9.5112e-02,  2.3216e-02],
          [ 1.8723e-02, -3.8195e-02, -2.0221e-02]],

         [[ 3.7446e-03, -1.7225e-02, -8.9870e-03],
          [-3.8944e-02,  4.3437e-02, -8.2381e-03],
          [-2.2467e-03, -1.6476e-02, -5.9913e-03]]],


        [[[ 3.3227e-02,  3.5885e-02,  4.7182e-02],
          [ 0.0000e+00, -1.7278e-02,  3.9872e-03],
          [-2.1930e-02, -6.3131e-02, -3.1898e-02]],

         [[-1.9271e-02, -4.5853e-02, -2.1930e-02],
          [-1.3291e-02,  5.3163e-03,  5.3163e-03],
          [ 1.1297e-02,  3.9207e-02,  3.3227e-02]],

         [[-3.2562e-02, -7.5092e-02, -3.7214e-02],
          [-9.3034e-03,  1.6613e-02, -1.3291e-03],
          [ 3.6549e-02,  8.4396e-02,  3.9207e-02]]],


        [[[-7.2675e-04,  7.2675e-04, -1.8169e-02],
          [ 7.8489e-02,  3.9245e-02, -9.2298e-02],
          [ 5.5233e-02,  4.0698e-02, -6.6135e-02]],

         [[ 3.6338e-03, -7.2675e-03,  5.8140e-03],
          [ 2.9070e-03,  7.2675e-04, -1.2355e-02],
          [ 7.9943e-03, -2.9070e-03, -1.8896e-02]],

         [[ 1.3808e-02, -2.1803e-03,  1.3082e-02],
          [-6.3227e-02, -4.3605e-03,  6.8315e-02],
          [-5.3780e-02, -7.9943e-03,  4.4332e-02]]],


        [[[ 3.0059e-02,  7.9321e-03,  1.7534e-02],
          [-4.1748e-04, -2.0457e-02,  2.0457e-02],
          [ 1.1272e-02, -5.8447e-03,  1.3777e-02]],

         [[ 4.5923e-03, -1.9204e-02,  9.6020e-03],
          [-3.1311e-02, -5.3020e-02,  7.5146e-03],
          [-1.6699e-03, -2.0039e-02,  1.5029e-02]],

         [[-2.5049e-03, -1.6699e-02,  4.5923e-03],
          [-3.3816e-02, -5.3020e-02, -7.5146e-03],
          [-1.7534e-02, -3.4651e-02, -2.5049e-03]]],


        [[[ 2.5384e-02,  5.4044e-02,  2.0471e-02],
          [ 5.2406e-02,  1.0399e-01,  6.3870e-02],
          [-2.4565e-03,  4.8312e-02,  1.5558e-02]],

         [[-1.1464e-02, -2.0471e-02, -2.3746e-02],
          [-1.0645e-02, -1.9652e-02, -1.9652e-02],
          [-1.4739e-02,  4.0942e-03, -1.3920e-02]],

         [[-2.0471e-02, -4.4218e-02, -8.1884e-03],
          [-4.0123e-02, -8.4341e-02, -3.1935e-02],
          [-5.7319e-03, -1.5558e-02, -5.7319e-03]]]], size=(32, 3, 3, 3),
       dtype=torch.qint8, quantization_scheme=torch.per_channel_affine,
       scale=tensor([2.9358e-04, 4.5632e-05, 1.1875e-06, 1.6563e-07, 3.9570e-04, 1.8556e-04,
        1.5930e-06, 8.4298e-04, 1.5340e-03, 2.4588e-04, 1.2380e-03, 5.7226e-04,
        7.2719e-04, 2.9301e-04, 3.8290e-07, 6.3811e-04, 4.0122e-05, 6.9639e-04,
        3.0764e-04, 3.2643e-04, 6.0442e-04, 8.2194e-04, 5.1541e-04, 4.6479e-04,
        4.3458e-04, 3.2301e-05, 4.5253e-06, 7.4892e-04, 6.6453e-04, 7.2675e-04,
        4.1748e-04, 8.1884e-04], dtype=torch.float64),
       zero_point=tensor([0, 0, 0, 0, 0, 0, 0, 0, 0, 0, 0, 0, 0, 0, 0, 0, 0, 0, 0, 0, 0, 0, 0, 0,
        0, 0, 0, 0, 0, 0, 0, 0]),
       axis=0)features.0.0.bias
Nonefeatures.0.0.scale
tensor(0.0080)features.0.0.zero_point
tensor(60)features.0.1.weight
tensor([6.3818e-02, 1.8258e-02, 2.9227e-05, 5.5010e-05, 3.1670e-02, 3.9454e-02,
        3.2660e-04, 4.8516e-02, 6.0888e-02, 4.0421e-02, 4.6566e-02, 6.6075e-02,
        2.8219e-02, 3.2860e-02, 8.4465e-05, 4.0939e-02, 2.3245e-03, 9.5777e-02,
        4.7453e-02, 4.0057e-02, 3.0844e-02, 3.1887e-02, 5.3525e-02, 5.7524e-02,
        6.0139e-02, 6.1589e-03, 7.2480e-04, 3.4395e-02, 4.3223e-02, 4.0128e-02,
        7.6944e-02, 6.4162e-02])features.0.1.bias
tensor([-2.8491e-02,  2.3657e-04, -1.3592e-04,  9.0020e-06,  6.1393e-02,
        -7.0314e-03, -1.8432e-04,  8.3755e-02,  6.9164e-02,  7.9182e-03,
         6.5733e-02,  3.1521e-02,  6.4457e-02,  6.3305e-02,  4.1088e-05,
         5.7267e-02, -6.2196e-03, -8.6969e-02,  2.0274e-02,  5.9764e-02,
         5.4346e-02,  5.3692e-02,  4.3628e-02,  4.5324e-02,  4.8014e-02,
        -3.3570e-03, -4.3580e-04,  8.3011e-02,  5.9569e-02,  6.4360e-02,
        -2.8952e-02,  6.1193e-02])